guided: 73.0  88.0  80.5  0.5997846
ldm_200: 89.0  97.0  93.0  0.7324157
ldm_200_cfg: 85.0  87.0  86.0  0.6371877
ldm_100: 93.0  90.0  91.5  0.8268496
glide_100_27: 92.0  91.0  91.5  0.8103215
glide_50_27: 95.0  89.0  92.0  0.875888
glide_100_10: 91.0  91.0  91.0  0.79135627
dalle: 91.0  91.0  91.0  0.79406184
